Taxi ID		Trip Type	Number of Trips		Maximum Fare	Minimum Fare	Average Fare
0		long		1			372.21		372.21		372.21
0		medium		18			333.90		160.64		223.84
0		short		35			177.40		10.17		96.28
1		long		3			418.34		363.40		384.63
1		medium		24			345.28		167.28		221.31
1		short		36			197.47		25.45		96.45
10		long		2			406.00		333.87		369.94
10		medium		24			328.50		170.57		238.23
10		short		38			193.41		54.65		114.89
100		long		5			525.95		362.02		423.23
100		medium		20			301.68		174.03		243.75
100		short		36			173.23		7.77		105.64
101		long		2			477.36		377.80		427.58
101		medium		24			374.70		182.43		262.90
101		short		31			191.61		15.71		101.33
102		long		1			382.13		382.13		382.13
102		medium		19			358.71		168.70		258.16
102		short		30			181.60		16.50		110.44
103		long		1			368.11		368.11		368.11
103		medium		35			360.40		175.29		241.31
103		short		36			180.93		6.93		106.36
104		long		1			406.26		406.26		406.26
104		medium		25			322.09		188.15		264.00
104		short		42			189.57		24.16		99.67
105		long		1			432.97		432.97		432.97
105		medium		27			347.48		164.87		247.33
105		short		38			183.74		19.47		111.39
106		long		3			366.59		335.33		347.77
106		medium		14			373.63		168.24		222.59
106		short		42			181.89		23.99		99.39
107		medium		22			364.01		172.39		249.69
107		short		39			175.71		12.03		102.93
108		long		3			409.97		339.35		379.12
108		medium		21			338.75		174.76		233.84
108		short		41			196.44		19.66		99.84
109		long		3			456.32		354.70		406.92
109		medium		22			353.19		179.69		260.32
109		short		36			183.63		37.84		108.32
11		medium		21			325.38		173.65		251.89
11		short		24			189.15		15.09		106.61
110		long		2			449.69		363.59		406.64
110		medium		32			320.75		166.21		228.08
110		short		33			183.86		16.09		103.70
111		long		2			396.70		364.64		380.67
111		medium		26			358.15		175.96		247.13
111		short		38			177.50		4.61		102.77
112		long		1			429.31		429.31		429.31
112		medium		16			336.10		172.94		255.56
112		short		42			184.15		1.31		119.22
113		long		2			414.57		395.31		404.94
113		medium		21			328.78		179.29		246.88
113		short		22			195.27		41.26		120.62
114		long		1			417.96		417.96		417.96
114		medium		24			311.55		168.23		210.92
114		short		41			182.79		13.46		109.46
115		long		4			457.42		372.96		414.29
115		medium		23			329.19		187.24		239.47
115		short		40			182.78		26.45		100.14
116		long		2			436.45		370.46		403.45
116		medium		29			360.00		166.17		254.10
116		short		36			180.71		10.43		87.68
117		long		1			429.35		429.35		429.35
117		medium		16			340.96		182.85		238.96
117		short		37			178.63		4.00		92.50
118		long		2			417.14		395.64		406.39
118		medium		26			374.50		168.38		254.10
118		short		39			195.95		32.87		111.62
119		long		2			412.25		394.99		403.62
119		medium		26			345.48		185.84		240.19
119		short		31			177.33		24.17		109.56
12		long		4			513.89		364.74		419.07
12		medium		20			360.45		192.97		258.27
12		short		39			188.12		35.66		117.15
120		long		4			417.03		329.76		367.79
120		medium		17			332.01		181.99		239.40
120		short		40			190.25		31.63		112.88
121		long		7			431.69		331.64		373.84
121		medium		26			346.41		190.48		252.29
121		short		31			191.29		25.24		106.71
122		long		3			446.01		395.73		422.33
122		medium		23			303.34		170.84		227.14
122		short		34			191.44		21.58		115.33
123		long		1			326.67		326.67		326.67
123		medium		14			343.28		169.39		237.56
123		short		38			197.66		22.94		107.10
124		long		2			396.65		386.54		391.60
124		medium		14			347.85		185.83		249.65
124		short		28			197.68		13.00		106.94
125		long		1			349.95		349.95		349.95
125		medium		19			394.90		183.16		266.32
125		short		36			168.29		8.31		101.52
126		long		3			394.25		390.69		392.56
126		medium		16			332.86		165.47		248.56
126		short		34			181.83		24.24		99.56
127		long		3			517.23		401.44		454.70
127		medium		27			340.98		177.19		248.93
127		short		21			159.42		21.22		115.29
128		long		3			413.06		389.85		400.05
128		medium		21			328.28		166.05		235.38
128		short		26			169.03		36.71		102.17
129		long		4			431.68		387.62		411.85
129		medium		27			352.46		182.05		253.36
129		short		41			182.25		29.01		109.13
13		long		1			381.03		381.03		381.03
13		medium		20			383.02		177.99		252.43
13		short		37			198.50		7.67		105.71
130		long		1			334.41		334.41		334.41
130		medium		12			353.87		189.45		245.52
130		short		39			198.33		7.40		99.28
131		long		2			386.48		357.67		372.07
131		medium		16			330.68		182.23		236.92
131		short		38			167.17		11.16		98.35
132		long		1			417.88		417.88		417.88
132		medium		13			270.38		178.58		215.26
132		short		39			185.69		13.11		110.98
133		long		2			436.68		415.06		425.87
133		medium		17			363.91		170.64		248.98
133		short		48			177.72		15.39		99.14
134		long		2			448.97		436.44		442.70
134		medium		23			353.30		185.61		258.58
134		short		49			188.19		5.39		112.88
135		long		2			451.31		404.76		428.04
135		medium		21			340.17		178.06		244.92
135		short		27			170.67		9.60		107.48
136		long		3			414.88		380.29		392.65
136		medium		24			363.81		174.73		237.14
136		short		42			175.65		4.85		101.56
137		medium		21			324.52		161.60		236.77
137		short		26			170.63		16.97		101.13
138		long		3			392.82		354.29		367.94
138		medium		20			382.67		184.75		250.35
138		short		38			196.14		9.17		96.24
139		long		1			372.28		372.28		372.28
139		medium		27			387.49		175.76		262.18
139		short		37			176.70		19.47		96.22
14		long		3			410.20		372.58		392.14
14		medium		22			296.02		174.40		238.67
14		short		33			180.19		15.32		110.08
140		long		1			419.40		419.40		419.40
140		medium		19			320.62		164.37		234.83
140		short		49			185.64		4.32		100.87
141		medium		19			350.97		184.11		244.39
141		short		30			177.75		23.00		114.14
142		long		2			490.71		366.47		428.59
142		medium		20			321.47		173.39		246.30
142		short		26			171.63		23.08		110.63
143		medium		16			371.78		187.30		258.00
143		short		34			184.04		10.29		103.18
144		long		2			373.69		321.75		347.72
144		medium		31			308.92		168.27		226.02
144		short		40			187.66		14.62		111.90
145		long		1			359.67		359.67		359.67
145		medium		30			331.05		183.77		234.10
145		short		40			189.88		6.84		99.81
146		long		1			455.91		455.91		455.91
146		medium		19			339.27		191.17		244.35
146		short		44			161.80		22.93		90.47
147		medium		21			354.84		173.74		242.48
147		short		41			182.34		18.14		111.20
148		long		3			413.05		385.81		399.54
148		medium		28			357.03		184.48		249.58
148		short		38			170.49		12.92		94.21
149		long		1			412.98		412.98		412.98
149		medium		20			329.88		186.69		240.33
149		short		41			190.17		19.39		113.16
15		long		4			419.33		368.49		395.24
15		medium		17			333.06		169.67		240.87
15		short		33			179.15		25.83		110.22
150		long		1			410.03		410.03		410.03
150		medium		14			357.66		171.22		240.93
150		short		28			177.38		21.34		117.87
151		long		2			363.20		352.15		357.68
151		medium		29			373.31		164.98		241.47
151		short		33			172.93		14.49		102.94
152		long		3			392.24		357.91		377.23
152		medium		25			359.38		190.76		250.21
152		short		47			193.47		12.70		101.34
153		medium		32			319.07		175.08		235.42
153		short		45			193.89		22.55		122.83
154		long		1			374.85		374.85		374.85
154		medium		19			340.22		170.91		238.50
154		short		44			187.43		5.20		96.51
155		long		1			326.52		326.52		326.52
155		medium		15			364.69		176.54		240.62
155		short		30			192.85		35.07		114.30
156		long		1			400.08		400.08		400.08
156		medium		19			370.45		183.87		262.01
156		short		36			191.30		8.15		111.06
157		medium		19			332.90		167.68		234.10
157		short		36			187.26		12.87		103.73
158		long		1			373.27		373.27		373.27
158		medium		23			357.58		176.44		232.45
158		short		46			187.11		9.99		96.76
159		long		2			498.77		407.91		453.34
159		medium		19			367.36		178.78		247.07
159		short		57			170.79		9.04		106.52
16		long		3			410.02		402.77		405.97
16		medium		23			377.92		166.16		243.28
16		short		36			194.18		10.93		112.17
160		long		1			409.42		409.42		409.42
160		medium		23			388.17		166.22		250.03
160		short		34			183.97		18.80		104.39
161		long		3			460.04		364.10		401.23
161		medium		18			377.58		195.37		253.54
161		short		34			182.04		11.23		111.82
162		medium		18			381.88		193.21		267.26
162		short		37			192.63		24.59		99.61
163		long		5			443.71		375.90		411.88
163		medium		27			356.13		165.78		243.66
163		short		42			182.31		12.26		100.59
164		long		5			453.64		342.03		401.20
164		medium		19			362.98		162.87		256.16
164		short		39			189.57		16.10		113.38
165		long		1			396.02		396.02		396.02
165		medium		25			379.67		171.91		239.84
165		short		34			189.33		19.74		99.27
166		long		2			380.49		369.46		374.98
166		medium		19			364.60		171.18		245.26
166		short		38			180.70		37.08		103.79
167		long		3			441.30		357.88		411.96
167		medium		15			377.99		191.07		241.46
167		short		36			185.04		53.06		115.46
168		medium		29			361.30		168.31		244.93
168		short		38			188.38		11.75		112.33
169		long		1			348.18		348.18		348.18
169		medium		22			333.84		165.26		254.56
169		short		31			184.91		23.50		109.88
17		long		1			418.13		418.13		418.13
17		medium		22			326.08		173.97		231.00
17		short		36			189.67		24.75		107.32
170		long		2			397.92		358.26		378.09
170		medium		23			328.25		162.82		242.32
170		short		29			191.02		27.30		114.12
171		medium		21			350.79		180.44		237.97
171		short		30			186.50		23.49		114.77
172		long		3			419.85		335.62		380.57
172		medium		21			378.23		181.09		266.47
172		short		27			192.05		25.58		111.27
173		long		3			391.83		352.31		370.36
173		medium		18			348.48		168.96		257.77
173		short		41			193.37		16.53		122.51
174		long		2			473.42		402.00		437.71
174		medium		26			318.72		171.21		231.93
174		short		34			168.27		20.28		120.58
175		long		2			406.09		370.58		388.33
175		medium		30			357.38		189.84		250.12
175		short		35			182.34		20.57		103.09
176		long		4			428.81		330.84		367.06
176		medium		29			348.89		175.46		237.37
176		short		41			185.41		16.37		113.57
177		long		1			344.69		344.69		344.69
177		medium		25			381.87		166.74		262.28
177		short		25			179.31		28.72		118.17
178		medium		15			349.00		173.71		249.19
178		short		40			184.38		27.52		108.94
179		long		1			353.15		353.15		353.15
179		medium		27			361.26		169.32		246.34
179		short		47			172.38		15.22		109.39
18		long		3			406.52		350.53		382.31
18		medium		24			390.86		162.74		248.21
18		short		42			185.27		22.50		107.15
180		long		2			389.58		374.92		382.25
180		medium		27			369.22		182.40		244.26
180		short		47			187.12		36.07		110.71
181		long		3			405.28		364.08		386.33
181		medium		8			302.54		189.01		239.25
181		short		39			186.28		6.35		104.74
182		long		3			452.38		371.81		418.89
182		medium		14			340.27		174.70		247.46
182		short		44			194.62		13.33		109.76
183		long		1			424.87		424.87		424.87
183		medium		24			369.74		167.27		253.09
183		short		36			180.99		17.28		99.14
184		long		1			463.78		463.78		463.78
184		medium		19			308.93		169.20		226.24
184		short		30			178.78		26.75		115.91
185		long		3			425.83		368.07		402.53
185		medium		22			375.69		191.54		248.17
185		short		35			191.94		16.58		114.95
186		medium		28			362.67		164.77		241.35
186		short		43			195.22		19.86		96.33
187		long		4			451.15		391.04		416.20
187		medium		24			333.46		175.43		241.13
187		short		38			193.03		19.79		97.87
188		long		2			448.13		362.53		405.33
188		medium		21			314.13		200.15		240.59
188		short		25			187.63		26.93		122.40
189		long		1			396.79		396.79		396.79
189		medium		20			377.89		176.66		250.32
189		short		39			177.11		16.50		100.40
19		medium		26			335.01		185.19		241.06
19		short		34			183.84		4.31		113.06
190		medium		20			364.67		182.63		249.93
190		short		31			194.81		18.85		115.51
191		long		2			505.57		391.93		448.75
191		medium		19			357.14		167.30		239.81
191		short		41			190.86		11.33		103.39
192		long		2			419.91		389.41		404.66
192		medium		17			348.16		166.64		240.57
192		short		29			189.06		9.22		101.57
193		long		2			434.98		354.66		394.82
193		medium		31			308.69		167.78		237.65
193		short		45			186.38		25.81		111.74
194		long		3			404.28		368.63		391.65
194		medium		28			334.71		183.17		248.19
194		short		30			178.42		24.90		95.41
195		long		1			392.30		392.30		392.30
195		medium		31			341.09		174.23		240.84
195		short		32			178.74		30.89		110.08
196		long		2			408.54		400.69		404.62
196		medium		23			372.92		162.97		242.70
196		short		39			170.31		9.17		95.40
197		long		4			427.30		342.20		384.19
197		medium		19			342.56		174.77		240.99
197		short		28			190.67		24.34		105.34
198		long		2			443.71		364.37		404.04
198		medium		17			315.34		175.46		235.93
198		short		39			188.29		10.63		108.63
199		long		1			331.29		331.29		331.29
199		medium		25			350.74		170.74		240.93
199		short		43			185.39		14.63		112.20
2		long		1			413.72		413.72		413.72
2		medium		18			313.53		178.14		230.66
2		short		44			161.79		5.10		89.93
20		long		2			394.37		384.48		389.43
20		medium		23			364.81		190.63		240.89
20		short		33			189.64		18.01		114.94
200		long		1			405.75		405.75		405.75
200		medium		31			332.67		162.10		246.57
200		short		33			195.19		16.90		108.31
201		long		2			497.00		407.78		452.39
201		medium		26			351.76		172.58		249.33
201		short		27			169.50		52.26		120.32
202		long		1			404.86		404.86		404.86
202		medium		14			333.90		183.64		228.22
202		short		44			182.25		26.40		114.95
203		medium		18			355.21		172.72		243.13
203		short		41			192.81		12.46		111.95
204		long		3			384.53		349.52		362.35
204		medium		19			342.10		177.36		237.12
204		short		31			184.75		23.29		99.89
205		long		1			349.22		349.22		349.22
205		medium		24			376.12		168.15		276.64
205		short		41			188.29		35.36		113.98
206		medium		23			373.63		177.52		243.44
206		short		38			178.89		28.36		108.25
207		long		2			418.26		400.30		409.28
207		medium		20			386.01		172.95		270.23
207		short		38			189.93		2.21		95.11
208		medium		29			347.10		180.72		251.84
208		short		39			188.88		4.80		105.54
209		long		2			400.64		370.42		385.53
209		medium		21			348.78		199.20		270.77
209		short		47			179.99		30.28		116.83
21		long		5			439.52		375.59		399.10
21		medium		19			364.12		178.92		238.95
21		short		36			158.68		6.24		92.48
210		medium		20			354.02		169.07		230.92
210		short		45			177.36		23.48		103.30
211		medium		18			350.48		168.08		254.35
211		short		25			167.95		16.25		94.68
212		long		1			395.25		395.25		395.25
212		medium		22			382.97		190.57		256.77
212		short		34			168.54		34.38		103.88
213		long		2			407.89		404.76		406.32
213		medium		28			368.66		178.11		256.00
213		short		40			179.29		7.33		87.86
214		long		3			427.68		336.47		367.68
214		medium		26			378.03		179.94		255.58
214		short		37			185.36		21.39		99.88
215		long		1			356.82		356.82		356.82
215		medium		22			338.79		180.12		251.93
215		short		31			194.82		3.40		99.72
216		long		1			366.81		366.81		366.81
216		medium		12			348.90		162.74		253.77
216		short		39			189.63		26.22		112.50
217		long		4			416.62		329.07		384.31
217		medium		24			344.16		173.95		232.80
217		short		41			181.62		8.81		97.84
218		long		2			409.87		383.48		396.68
218		medium		21			326.33		181.53		233.04
218		short		47			173.88		28.10		95.35
219		long		2			429.18		364.41		396.80
219		medium		22			360.83		187.65		256.48
219		short		27			189.06		5.90		116.62
22		medium		20			352.50		175.48		250.09
22		short		29			183.64		12.80		116.97
220		long		3			431.45		345.16		402.63
220		medium		23			362.39		178.10		246.69
220		short		33			153.12		15.93		87.20
221		long		3			403.88		359.93		375.10
221		medium		18			349.54		173.43		240.27
221		short		33			179.08		7.36		111.13
222		long		2			347.65		343.14		345.39
222		medium		21			347.66		174.63		255.04
222		short		35			197.05		35.05		111.55
223		long		1			439.29		439.29		439.29
223		medium		20			341.06		181.46		249.88
223		short		44			178.59		32.71		105.73
224		medium		24			382.92		175.74		241.13
224		short		30			185.67		16.45		104.13
225		long		2			432.07		378.33		405.20
225		medium		27			350.70		173.66		239.63
225		short		43			194.45		7.39		110.05
226		long		1			393.39		393.39		393.39
226		medium		22			359.18		176.88		266.35
226		short		47			186.45		18.58		105.34
227		long		4			419.66		349.49		396.50
227		medium		17			380.62		170.38		259.55
227		short		45			182.29		12.31		101.91
228		long		3			425.20		353.81		396.74
228		medium		20			379.74		164.98		261.73
228		short		37			192.15		17.72		99.20
229		long		2			411.46		393.81		402.63
229		medium		21			349.65		187.22		245.83
229		short		37			179.05		29.20		112.92
23		long		3			420.52		367.53		402.39
23		medium		25			331.61		190.55		244.76
23		short		32			177.64		4.10		100.43
230		long		3			416.32		364.02		387.46
230		medium		31			344.04		168.14		231.02
230		short		30			187.76		18.21		113.21
231		long		4			477.06		346.25		417.07
231		medium		18			308.54		174.11		223.99
231		short		38			178.66		12.85		95.91
232		long		3			381.21		335.48		355.40
232		medium		24			349.76		179.25		244.33
232		short		38			185.92		17.30		102.17
233		long		2			407.96		401.13		404.55
233		medium		30			351.88		162.54		259.29
233		short		43			182.78		4.59		100.70
234		long		3			429.60		390.04		409.52
234		medium		22			372.16		183.98		237.23
234		short		37			174.70		2.61		83.78
235		long		2			459.02		343.32		401.17
235		medium		32			373.24		170.43		241.96
235		short		34			184.34		15.14		120.19
236		long		1			418.24		418.24		418.24
236		medium		29			342.05		164.23		232.97
236		short		36			185.42		4.71		91.85
237		long		2			389.63		353.87		371.75
237		medium		18			293.31		183.59		225.94
237		short		36			193.51		11.34		109.39
238		long		2			397.61		381.19		389.40
238		medium		19			348.51		195.46		263.03
238		short		48			189.18		32.02		116.32
239		long		3			454.69		355.71		393.59
239		medium		30			356.38		183.20		244.64
239		short		49			189.27		7.47		109.63
24		medium		26			379.93		180.69		256.02
24		short		24			189.30		16.50		113.85
240		long		1			384.70		384.70		384.70
240		medium		18			340.82		194.45		249.32
240		short		33			169.85		23.03		112.55
241		medium		15			361.78		173.08		251.79
241		short		36			180.34		18.18		100.03
242		medium		9			355.52		181.51		256.34
242		short		37			177.14		16.22		99.35
243		long		2			437.92		408.20		423.06
243		medium		20			308.16		172.30		222.70
243		short		40			192.59		9.65		108.34
244		long		1			376.87		376.87		376.87
244		medium		21			369.11		172.61		252.77
244		short		32			190.71		5.22		102.64
245		long		3			417.95		399.98		408.82
245		medium		26			333.87		179.62		248.00
245		short		39			180.64		8.57		124.31
246		long		2			382.91		359.80		371.36
246		medium		18			327.49		164.81		225.51
246		short		27			165.38		8.43		100.22
247		long		2			429.22		407.33		418.27
247		medium		26			357.42		170.47		242.07
247		short		27			165.59		11.46		90.00
248		long		1			413.98		413.98		413.98
248		medium		22			322.87		164.32		221.12
248		short		34			182.91		13.10		106.46
249		long		4			433.22		361.34		395.38
249		medium		28			362.85		161.96		239.46
249		short		40			186.84		44.04		116.46
25		long		3			473.82		377.00		426.43
25		medium		21			351.21		181.37		229.46
25		short		37			182.38		12.69		116.52
250		long		4			382.56		340.42		357.91
250		medium		20			322.47		202.11		244.41
250		short		29			178.99		2.04		116.77
251		long		2			407.42		370.13		388.77
251		medium		17			365.56		163.43		240.48
251		short		30			187.59		17.80		97.20
252		long		5			444.51		329.74		378.71
252		medium		20			326.45		178.65		240.79
252		short		38			182.42		19.58		103.57
253		long		1			475.38		475.38		475.38
253		medium		19			374.60		185.91		247.90
253		short		45			180.18		19.34		105.04
254		long		2			400.79		353.57		377.18
254		medium		21			343.26		197.71		263.33
254		short		55			195.68		8.94		110.81
255		long		2			408.65		408.60		408.62
255		medium		22			305.56		183.59		232.77
255		short		44			190.51		5.79		100.85
256		long		2			413.79		362.47		388.13
256		medium		29			352.91		185.94		247.44
256		short		40			184.30		27.68		109.84
257		medium		20			360.68		169.74		255.50
257		short		36			174.11		16.22		100.79
258		long		1			438.47		438.47		438.47
258		medium		18			378.59		171.83		258.10
258		short		36			176.56		29.71		107.45
259		long		2			477.38		346.43		411.90
259		medium		22			331.50		171.82		236.84
259		short		36			188.85		21.19		104.47
26		long		2			490.74		375.45		433.10
26		medium		23			336.45		198.95		248.91
26		short		26			194.27		24.04		97.25
260		medium		19			373.22		175.10		249.43
260		short		27			180.61		37.98		123.11
261		long		2			372.61		338.27		355.44
261		medium		21			316.39		170.05		230.52
261		short		36			177.43		17.49		114.41
262		long		2			423.94		378.20		401.07
262		medium		26			350.82		166.81		231.98
262		short		29			182.28		35.87		104.79
263		long		3			481.43		352.22		408.70
263		medium		19			327.08		172.20		245.56
263		short		36			182.10		36.08		111.82
264		long		3			439.22		351.00		384.72
264		medium		23			315.60		170.27		227.00
264		short		27			172.60		24.04		98.20
265		long		4			454.15		363.19		403.85
265		medium		9			385.48		219.77		292.53
265		short		43			187.01		8.43		106.49
266		long		3			417.76		401.76		408.98
266		medium		20			299.06		181.97		226.94
266		short		49			186.83		18.33		111.54
267		long		5			467.91		330.19		393.19
267		medium		25			343.36		169.37		236.36
267		short		28			181.30		34.92		104.41
268		long		1			361.64		361.64		361.64
268		medium		22			335.83		169.19		233.48
268		short		31			191.57		19.10		98.79
269		long		2			372.53		362.28		367.40
269		medium		24			350.76		179.75		227.75
269		short		34			178.28		34.61		110.98
27		long		1			367.70		367.70		367.70
27		medium		18			351.00		194.41		252.94
27		short		40			184.30		13.77		99.27
270		long		6			422.96		343.08		384.46
270		medium		24			334.10		167.97		250.36
270		short		45			188.31		33.69		108.44
271		medium		22			370.47		178.75		271.84
271		short		36			183.92		32.89		113.08
272		long		2			431.88		355.22		393.55
272		medium		20			348.00		169.73		248.18
272		short		25			180.17		15.17		103.59
273		long		3			390.83		360.71		372.90
273		medium		22			332.82		184.87		239.56
273		short		35			189.71		12.30		100.68
274		long		1			378.21		378.21		378.21
274		medium		21			323.23		186.67		257.04
274		short		30			161.88		49.58		107.29
275		long		2			363.44		361.25		362.35
275		medium		16			360.32		192.53		259.19
275		short		45			189.15		12.26		100.33
276		long		2			448.65		377.89		413.27
276		medium		23			346.76		196.32		255.37
276		short		41			168.97		32.53		105.09
277		long		2			397.22		341.17		369.19
277		medium		21			365.40		169.87		248.14
277		short		35			194.78		1.79		92.96
278		long		1			366.89		366.89		366.89
278		medium		18			319.63		189.98		239.37
278		short		39			194.39		1.92		109.49
279		long		4			454.17		368.76		399.62
279		medium		21			385.71		163.47		253.53
279		short		28			157.42		13.87		103.47
28		long		5			503.74		375.86		425.13
28		medium		24			378.68		182.71		243.09
28		short		31			193.24		15.94		94.68
280		long		2			445.88		433.61		439.75
280		medium		16			375.15		175.18		247.04
280		short		36			193.59		12.30		115.14
281		medium		18			391.03		173.04		246.99
281		short		51			186.12		19.89		116.89
282		long		4			496.96		420.51		458.72
282		medium		25			367.70		167.29		240.53
282		short		26			182.83		14.27		101.13
283		long		1			365.05		365.05		365.05
283		medium		22			367.71		179.46		241.55
283		short		40			186.88		13.40		110.72
284		long		3			376.89		341.71		363.25
284		medium		19			352.68		169.24		254.71
284		short		32			183.98		13.96		104.16
285		medium		28			352.26		162.14		235.96
285		short		47			185.18		17.11		104.00
286		long		2			417.79		406.11		411.95
286		medium		22			355.02		171.01		256.24
286		short		44			186.15		25.64		99.12
287		long		2			413.39		347.97		380.68
287		medium		31			327.47		175.16		235.61
287		short		38			182.30		17.52		109.49
288		long		5			492.75		328.84		379.41
288		medium		15			320.66		182.44		240.84
288		short		36			186.88		12.87		110.45
289		long		2			408.20		357.88		383.04
289		medium		19			294.93		176.46		225.27
289		short		31			184.68		28.62		95.85
29		long		2			426.34		419.71		423.02
29		medium		23			382.04		167.39		254.05
29		short		37			183.86		18.02		109.00
290		long		1			325.69		325.69		325.69
290		medium		14			388.69		173.63		236.39
290		short		34			186.84		28.31		104.17
291		long		1			396.86		396.86		396.86
291		medium		29			338.48		168.20		248.42
291		short		43			180.87		13.12		120.20
292		long		3			408.38		371.29		386.82
292		medium		18			329.37		177.64		261.94
292		short		41			166.49		10.64		100.18
293		long		1			398.78		398.78		398.78
293		medium		18			340.72		165.33		242.69
293		short		27			166.99		10.46		102.25
294		long		3			437.87		368.21		394.57
294		medium		25			329.70		166.16		242.83
294		short		34			171.52		9.31		99.80
295		long		1			363.83		363.83		363.83
295		medium		24			313.51		163.69		246.94
295		short		33			191.44		12.38		108.10
296		long		2			402.35		399.52		400.94
296		medium		19			351.78		182.03		260.66
296		short		35			174.80		18.90		93.13
297		long		3			434.35		326.60		392.13
297		medium		22			331.91		171.58		240.79
297		short		40			192.10		12.22		113.45
298		long		4			394.98		344.64		366.91
298		medium		16			319.91		192.26		238.19
298		short		42			175.37		29.08		103.64
299		long		3			430.65		328.58		384.52
299		medium		19			267.34		170.03		210.00
299		short		33			178.56		15.23		105.70
3		long		2			394.18		361.28		377.73
3		medium		23			359.88		170.32		258.35
3		short		27			195.88		51.05		130.74
30		medium		20			348.98		174.43		237.59
30		short		28			179.87		17.88		102.67
300		long		3			421.62		359.39		392.14
300		medium		14			358.72		192.26		264.72
300		short		37			189.73		32.92		114.41
301		long		2			389.41		365.00		377.20
301		medium		15			377.56		166.62		255.47
301		short		36			193.90		10.73		108.87
302		long		1			380.56		380.56		380.56
302		medium		21			384.77		171.03		250.08
302		short		31			194.68		15.64		114.08
303		long		2			478.22		361.19		419.70
303		medium		29			339.31		166.43		239.93
303		short		43			177.34		14.23		102.47
304		long		3			419.16		364.64		383.02
304		medium		27			383.74		186.09		258.92
304		short		49			186.57		15.46		111.89
305		medium		13			344.72		166.95		249.96
305		short		30			195.75		11.61		95.21
306		long		1			452.43		452.43		452.43
306		medium		25			371.23		186.31		252.08
306		short		26			165.86		4.17		100.65
307		long		1			390.25		390.25		390.25
307		medium		22			333.43		174.54		257.02
307		short		32			182.86		31.95		125.66
308		medium		11			336.17		174.84		253.69
308		short		47			177.64		10.43		106.80
309		long		1			323.61		323.61		323.61
309		medium		13			325.96		201.41		260.82
309		short		39			191.83		3.29		125.08
31		long		2			396.73		346.58		371.65
31		medium		20			343.03		167.57		237.85
31		short		42			181.91		17.59		98.00
310		medium		19			364.29		183.47		265.45
310		short		32			179.06		18.48		100.21
311		long		4			400.08		351.02		375.09
311		medium		19			374.55		189.34		237.87
311		short		42			191.06		26.02		109.24
312		long		5			403.12		347.48		371.26
312		medium		16			337.24		175.90		239.31
312		short		28			185.96		13.20		109.83
313		long		2			387.69		348.14		367.92
313		medium		21			324.28		176.63		238.99
313		short		43			184.99		19.92		110.11
314		long		3			471.89		343.24		403.66
314		medium		26			356.96		178.47		250.63
314		short		30			186.04		11.85		95.31
315		long		2			391.75		373.20		382.48
315		medium		17			332.68		171.68		242.18
315		short		50			195.62		10.24		98.96
316		long		2			406.84		396.69		401.76
316		medium		26			370.96		186.62		263.72
316		short		46			183.42		27.96		113.54
317		long		2			342.58		340.04		341.31
317		medium		30			374.99		174.38		255.84
317		short		34			190.33		28.09		117.24
318		long		2			476.45		395.26		435.86
318		medium		20			371.16		175.88		235.72
318		short		36			183.42		3.13		107.27
319		long		1			448.19		448.19		448.19
319		medium		20			355.22		171.19		240.47
319		short		33			181.18		3.27		110.25
32		medium		15			386.93		189.65		261.84
32		short		44			185.84		27.40		97.42
320		long		4			396.13		359.31		380.51
320		medium		11			349.22		170.19		237.09
320		short		34			165.73		12.02		94.03
321		long		5			467.80		330.05		393.32
321		medium		27			344.82		195.45		268.52
321		short		31			164.84		14.75		98.20
322		long		2			429.33		357.78		393.56
322		medium		22			368.45		176.30		260.12
322		short		40			186.12		15.06		106.79
323		long		2			425.43		333.34		379.38
323		medium		16			386.45		180.87		265.42
323		short		45			173.25		22.98		95.87
324		long		1			382.64		382.64		382.64
324		medium		22			362.98		177.66		246.43
324		short		41			185.18		25.69		103.63
325		long		7			537.46		342.01		419.99
325		medium		25			357.59		165.96		233.88
325		short		32			185.68		36.74		114.01
326		long		1			439.14		439.14		439.14
326		medium		18			340.74		173.04		235.31
326		short		35			184.07		4.66		99.52
327		long		1			434.59		434.59		434.59
327		medium		18			333.20		166.39		231.32
327		short		31			154.59		11.22		84.29
328		long		5			457.12		352.22		393.44
328		medium		18			351.78		181.65		264.44
328		short		37			158.59		1.68		91.03
329		long		2			377.36		373.45		375.40
329		medium		26			347.87		175.01		243.94
329		short		37			178.75		39.67		116.81
33		long		1			338.51		338.51		338.51
33		medium		26			385.86		173.90		246.64
33		short		39			185.48		41.75		115.02
330		long		3			423.30		350.60		387.17
330		medium		18			379.09		175.95		254.19
330		short		36			177.39		9.97		96.51
331		long		1			387.60		387.60		387.60
331		medium		17			354.36		167.23		235.23
331		short		38			176.96		40.42		117.74
332		long		3			429.24		376.28		408.56
332		medium		19			370.68		162.88		236.99
332		short		44			197.24		21.93		119.48
333		medium		15			334.46		184.33		242.93
333		short		34			197.47		21.24		108.08
334		long		1			377.35		377.35		377.35
334		medium		20			345.01		172.97		236.72
334		short		37			188.00		15.99		113.93
335		long		3			402.08		331.97		366.56
335		medium		17			378.03		178.66		265.59
335		short		36			182.35		15.53		112.19
336		long		2			458.48		417.70		438.09
336		medium		17			331.52		182.52		262.47
336		short		36			171.77		18.65		109.81
337		long		3			439.60		376.41		399.39
337		medium		30			370.40		176.50		259.66
337		short		33			178.82		18.96		103.80
338		long		5			494.32		351.22		411.30
338		medium		9			315.46		175.96		236.35
338		short		45			184.73		1.87		88.48
339		long		3			476.96		327.15		413.87
339		medium		14			382.75		173.91		253.13
339		short		32			172.66		14.06		109.34
34		long		2			472.41		353.18		412.80
34		medium		25			362.75		173.88		245.99
34		short		45			196.57		19.12		118.06
340		long		3			414.79		387.28		396.80
340		medium		13			328.57		164.60		231.53
340		short		29			179.42		9.21		102.38
341		long		2			441.87		421.28		431.57
341		medium		20			344.57		182.80		259.77
341		short		34			193.03		40.70		123.73
342		medium		21			358.58		190.02		257.26
342		short		41			181.22		10.24		105.06
343		medium		16			380.95		165.09		264.35
343		short		27			177.92		9.77		114.27
344		long		4			419.80		336.99		380.84
344		medium		24			320.45		165.34		248.29
344		short		34			168.84		25.49		100.89
345		long		2			376.82		367.85		372.33
345		medium		23			337.49		173.05		241.49
345		short		32			187.81		18.73		110.25
346		long		3			434.59		348.57		391.74
346		medium		23			366.28		170.41		258.30
346		short		39			185.53		8.48		96.64
347		long		1			360.28		360.28		360.28
347		medium		20			378.97		176.22		244.78
347		short		36			195.24		28.54		104.41
348		long		3			464.24		368.58		415.54
348		medium		18			374.00		172.71		239.55
348		short		26			194.86		15.51		109.66
349		long		3			402.25		357.74		385.06
349		medium		20			363.03		182.19		249.96
349		short		36			188.09		38.82		113.87
35		long		2			393.25		358.41		375.83
35		medium		21			371.95		177.30		232.55
35		short		40			181.39		16.57		98.47
350		long		2			470.81		384.50		427.65
350		medium		25			360.79		174.69		253.47
350		short		48			193.07		19.67		113.64
351		long		1			452.84		452.84		452.84
351		medium		27			343.11		186.52		248.26
351		short		29			172.46		25.57		109.96
352		long		5			405.34		323.94		369.62
352		medium		16			347.63		180.46		250.89
352		short		42			190.80		27.62		107.81
353		long		2			446.17		382.34		414.25
353		medium		18			325.02		186.63		241.61
353		short		30			180.03		27.98		104.97
354		medium		24			362.32		167.11		238.30
354		short		28			194.48		18.56		120.42
355		long		2			410.71		393.40		402.06
355		medium		26			351.63		174.52		223.70
355		short		34			194.61		10.68		104.32
356		medium		16			354.49		183.31		250.85
356		short		33			173.25		20.59		103.39
357		long		1			389.62		389.62		389.62
357		medium		26			384.88		170.96		277.24
357		short		35			180.87		26.09		110.10
358		medium		25			371.71		187.82		260.90
358		short		37			195.50		17.17		97.64
359		long		4			396.50		329.18		359.00
359		medium		21			359.39		170.19		266.61
359		short		40			172.79		10.86		105.81
36		long		1			400.42		400.42		400.42
36		medium		20			349.30		168.69		240.89
36		short		39			188.47		19.23		111.35
360		long		3			426.32		410.31		416.26
360		medium		26			359.13		176.25		255.82
360		short		44			185.31		17.47		100.77
361		long		1			432.12		432.12		432.12
361		medium		22			340.41		170.09		236.89
361		short		40			181.90		5.32		100.04
362		long		3			461.02		395.93		420.39
362		medium		16			306.38		174.08		232.45
362		short		33			190.77		12.03		109.87
363		long		2			447.14		406.82		426.98
363		medium		18			362.96		188.29		236.80
363		short		30			188.40		14.30		102.39
364		long		1			377.62		377.62		377.62
364		medium		26			373.09		180.87		267.87
364		short		34			173.95		43.86		100.86
365		long		1			435.14		435.14		435.14
365		medium		28			347.97		168.67		251.48
365		short		47			186.82		6.89		99.98
366		long		2			457.30		404.24		430.77
366		medium		19			324.16		174.41		255.53
366		short		37			183.62		8.34		102.85
367		long		1			428.97		428.97		428.97
367		medium		18			336.47		183.70		250.54
367		short		41			181.52		8.33		93.54
368		long		1			445.75		445.75		445.75
368		medium		17			341.19		191.68		248.98
368		short		32			183.56		55.87		115.92
369		long		1			396.12		396.12		396.12
369		medium		17			321.20		178.74		236.47
369		short		37			176.27		12.22		94.81
37		medium		23			363.25		172.09		253.52
37		short		38			189.13		16.51		100.35
370		medium		20			367.99		182.87		252.08
370		short		34			177.56		34.65		104.36
371		long		2			420.78		339.22		380.00
371		medium		27			343.40		168.81		242.91
371		short		36			180.82		10.05		98.13
372		medium		25			382.69		175.54		237.09
372		short		41			182.01		9.41		106.96
373		long		2			409.07		329.34		369.20
373		medium		22			378.51		179.05		244.46
373		short		45			184.16		16.58		109.38
374		long		1			394.36		394.36		394.36
374		medium		31			361.51		163.49		237.33
374		short		44			192.12		16.01		102.43
375		long		2			444.74		393.66		419.20
375		medium		24			331.87		166.55		227.71
375		short		45			180.40		19.34		117.70
376		long		1			483.06		483.06		483.06
376		medium		18			338.67		186.99		242.77
376		short		34			187.59		21.89		108.35
377		long		1			397.46		397.46		397.46
377		medium		32			336.25		168.90		241.23
377		short		32			184.22		10.17		115.12
378		long		1			339.96		339.96		339.96
378		medium		31			398.41		163.34		256.49
378		short		31			162.76		9.75		92.01
379		long		1			417.21		417.21		417.21
379		medium		15			350.47		181.75		233.25
379		short		39			195.18		7.71		102.42
38		medium		21			352.69		185.25		236.19
38		short		39			166.34		13.34		105.93
380		medium		23			338.60		185.60		265.59
380		short		42			173.82		19.90		101.50
381		long		2			354.70		343.68		349.19
381		medium		18			325.42		187.79		240.89
381		short		38			176.46		13.12		105.18
382		long		1			376.93		376.93		376.93
382		medium		19			344.51		179.12		228.15
382		short		40			195.98		26.47		97.41
383		long		3			431.46		358.82		389.82
383		medium		30			299.72		178.34		237.53
383		short		37			181.52		37.97		120.16
384		long		2			439.20		416.31		427.75
384		medium		28			377.34		170.57		255.40
384		short		32			194.64		30.08		117.02
385		medium		28			373.49		175.53		247.16
385		short		41			173.66		21.57		96.42
386		medium		26			354.63		168.14		244.21
386		short		42			193.07		4.90		109.56
387		medium		25			330.96		166.84		231.25
387		short		35			187.34		9.79		100.71
388		long		1			457.48		457.48		457.48
388		medium		16			362.33		190.18		256.59
388		short		34			177.21		14.21		109.35
389		long		1			341.53		341.53		341.53
389		medium		20			311.66		183.54		237.17
389		short		36			186.53		23.18		114.27
39		long		5			449.18		340.36		397.12
39		medium		21			359.77		169.71		234.43
39		short		36			194.78		17.93		110.72
390		long		4			427.43		335.39		371.04
390		medium		21			328.57		179.17		250.91
390		short		31			188.57		48.00		107.82
391		long		2			391.86		370.96		381.41
391		medium		23			361.93		169.98		251.73
391		short		34			157.86		17.73		98.76
392		long		2			417.00		380.48		398.74
392		medium		14			303.51		176.53		243.13
392		short		26			191.05		28.52		108.66
393		long		3			452.03		376.02		406.22
393		medium		20			343.11		184.24		231.93
393		short		35			151.96		23.33		103.20
394		long		3			452.41		409.06		424.26
394		medium		16			355.19		168.69		218.26
394		short		31			186.91		14.50		103.55
395		long		2			430.45		367.39		398.92
395		medium		20			350.93		174.23		232.33
395		short		36			164.91		42.32		103.28
396		long		3			387.88		367.40		376.55
396		medium		16			327.24		179.27		253.46
396		short		39			190.46		3.16		99.85
397		medium		26			380.37		178.62		243.19
397		short		33			183.21		6.83		94.89
398		long		2			415.97		351.37		383.67
398		medium		35			384.54		167.49		247.53
398		short		27			175.14		47.56		105.18
399		long		2			409.21		379.48		394.35
399		medium		17			314.22		173.48		247.07
399		short		42			165.07		23.44		95.62
4		long		1			341.24		341.24		341.24
4		medium		23			355.41		170.15		259.83
4		short		43			164.04		11.85		96.56
40		long		1			477.69		477.69		477.69
40		medium		27			343.97		179.92		249.06
40		short		31			162.43		29.43		101.20
400		long		1			420.71		420.71		420.71
400		medium		19			379.32		196.24		258.14
400		short		32			163.83		9.76		96.39
401		long		3			390.22		375.66		380.76
401		medium		18			355.46		179.05		240.81
401		short		37			182.98		20.01		99.34
402		long		3			535.89		341.32		424.45
402		medium		27			338.26		163.51		248.13
402		short		26			197.32		27.22		111.92
403		long		2			430.37		397.31		413.84
403		medium		25			340.17		184.87		239.76
403		short		41			176.74		25.48		101.46
404		long		2			385.74		361.77		373.75
404		medium		25			378.05		181.82		236.94
404		short		30			187.74		32.35		119.67
405		long		2			384.44		367.06		375.75
405		medium		16			349.08		183.66		256.47
405		short		34			190.65		31.77		109.86
406		long		2			465.63		418.89		442.26
406		medium		24			344.20		165.00		242.48
406		short		37			187.99		8.24		97.86
407		long		2			414.80		391.26		403.03
407		medium		22			386.13		175.04		246.49
407		short		33			191.28		24.14		110.94
408		long		3			414.42		369.89		390.46
408		medium		20			334.00		176.80		250.50
408		short		37			178.15		4.60		95.21
409		long		2			395.98		361.96		378.97
409		medium		22			348.08		174.04		253.77
409		short		34			195.07		22.48		115.79
41		long		1			435.85		435.85		435.85
41		medium		24			352.95		179.42		256.27
41		short		29			192.62		16.37		108.81
410		long		2			489.45		399.87		444.66
410		medium		24			343.39		176.46		252.78
410		short		37			172.82		15.31		116.03
411		long		1			373.89		373.89		373.89
411		medium		23			344.47		164.76		269.20
411		short		40			194.15		36.34		106.91
412		long		4			439.07		367.58		397.44
412		medium		28			370.87		180.95		240.92
412		short		41			183.96		37.10		109.34
413		long		2			420.72		401.71		411.21
413		medium		13			371.31		189.57		259.05
413		short		36			178.64		26.11		93.48
414		long		4			462.49		386.86		423.67
414		medium		17			310.08		170.75		227.63
414		short		27			158.24		30.29		102.31
415		medium		17			307.86		169.83		236.34
415		short		32			193.06		8.57		98.71
416		medium		23			342.44		191.91		270.60
416		short		31			186.26		19.54		98.49
417		medium		25			361.01		182.67		240.66
417		short		33			179.36		30.83		106.05
418		long		2			387.62		363.97		375.80
418		medium		15			317.40		195.63		236.93
418		short		39			182.86		22.33		111.79
419		long		2			406.92		384.16		395.54
419		medium		27			359.91		184.74		236.83
419		short		36			190.48		12.01		106.61
42		long		3			442.82		361.63		408.14
42		medium		12			352.30		199.95		274.65
42		short		36			189.08		11.15		107.98
420		long		2			383.49		366.15		374.82
420		medium		29			373.00		191.48		254.51
420		short		27			174.15		27.54		101.28
421		long		3			411.14		343.42		377.99
421		medium		12			323.19		185.94		246.51
421		short		36			179.79		34.78		110.37
422		long		2			441.40		408.54		424.97
422		medium		28			395.15		168.84		244.50
422		short		40			185.16		8.70		106.57
423		long		3			408.70		372.57		387.31
423		medium		19			337.16		175.16		247.05
423		short		31			185.76		7.02		106.21
424		long		3			441.86		403.84		427.77
424		medium		27			367.01		168.95		255.12
424		short		51			186.86		16.98		104.30
425		medium		32			361.34		161.55		248.95
425		short		32			187.95		15.34		100.25
426		long		3			439.26		414.35		423.27
426		medium		26			345.47		171.18		254.68
426		short		38			185.09		8.79		95.44
427		long		1			407.11		407.11		407.11
427		medium		21			377.95		170.01		251.61
427		short		30			189.72		12.93		111.46
428		medium		20			334.91		171.55		238.15
428		short		34			190.54		19.91		102.41
429		long		4			477.10		348.91		420.65
429		medium		16			347.63		203.01		252.10
429		short		41			176.67		25.84		99.46
43		long		3			408.88		379.26		397.29
43		medium		15			349.73		167.07		264.58
43		short		41			192.40		17.05		104.76
430		long		3			414.62		351.75		385.20
430		medium		23			360.23		183.14		261.15
430		short		40			170.32		6.09		104.21
431		long		1			363.83		363.83		363.83
431		medium		28			370.11		161.09		268.28
431		short		32			171.15		6.67		96.62
432		long		2			381.84		353.22		367.53
432		medium		22			350.93		182.73		243.29
432		short		31			192.18		44.77		108.88
433		long		1			397.35		397.35		397.35
433		medium		23			347.15		161.80		241.74
433		short		42			195.49		27.43		120.37
434		long		3			403.70		355.29		371.72
434		medium		27			358.75		170.45		246.95
434		short		25			176.24		43.39		116.07
435		long		1			366.15		366.15		366.15
435		medium		24			349.33		174.55		250.95
435		short		33			179.38		28.61		103.78
436		long		2			415.22		374.92		395.07
436		medium		29			369.01		170.56		223.55
436		short		35			196.13		38.45		120.35
437		long		1			431.26		431.26		431.26
437		medium		17			313.65		180.48		234.48
437		short		37			175.13		16.36		105.86
438		long		3			408.81		341.05		384.17
438		medium		26			386.45		173.24		269.15
438		short		44			177.89		29.34		105.43
439		long		2			436.88		351.45		394.17
439		medium		19			331.27		177.57		249.97
439		short		27			188.63		29.65		105.21
44		long		3			423.89		385.34		408.60
44		medium		20			372.82		173.96		253.38
44		short		48			193.51		3.83		108.07
440		long		2			411.63		404.42		408.02
440		medium		29			351.40		169.36		240.40
440		short		34			198.45		7.77		106.76
441		long		1			384.52		384.52		384.52
441		medium		12			350.03		187.06		258.03
441		short		35			184.84		11.05		101.69
442		long		3			471.62		368.32		420.61
442		medium		14			286.11		177.81		231.83
442		short		36			187.70		24.61		105.41
443		long		3			390.25		341.07		362.52
443		medium		20			330.03		170.03		221.13
443		short		45			181.44		28.61		102.23
444		long		2			411.24		360.38		385.81
444		medium		18			332.91		175.24		264.22
444		short		38			194.05		35.81		113.08
445		long		2			454.42		391.29		422.86
445		medium		22			316.93		173.30		241.32
445		short		37			192.93		8.36		95.46
446		long		5			410.08		364.92		385.76
446		medium		18			357.22		199.71		263.24
446		short		35			170.71		15.45		107.46
447		long		3			420.49		344.16		385.98
447		medium		17			349.08		164.06		246.61
447		short		27			179.09		32.68		113.36
448		long		1			383.85		383.85		383.85
448		medium		25			318.48		167.62		236.17
448		short		30			175.49		5.63		89.83
449		long		2			382.22		377.37		379.80
449		medium		22			330.18		182.45		238.76
449		short		35			170.72		19.49		100.23
45		long		2			345.05		323.06		334.06
45		medium		17			332.70		179.32		233.11
45		short		30			190.99		7.54		95.17
450		long		4			439.36		363.49		396.89
450		medium		18			315.47		180.84		226.05
450		short		37			168.33		11.45		90.94
451		long		1			407.00		407.00		407.00
451		medium		20			387.88		165.76		255.58
451		short		29			181.90		5.64		91.35
452		long		1			385.70		385.70		385.70
452		medium		18			331.21		184.16		247.10
452		short		34			196.21		13.72		91.98
453		long		1			386.42		386.42		386.42
453		medium		16			371.77		175.10		261.65
453		short		34			172.45		20.65		98.99
454		long		3			391.05		337.43		358.37
454		medium		25			361.06		164.46		243.14
454		short		37			193.88		16.82		105.94
455		long		2			453.29		409.26		431.27
455		medium		22			368.05		172.31		249.49
455		short		36			190.64		29.65		110.51
456		long		1			458.21		458.21		458.21
456		medium		23			353.87		173.09		247.20
456		short		44			186.94		37.22		111.04
457		long		3			528.48		437.53		469.06
457		medium		19			332.39		174.35		247.02
457		short		37			191.69		6.80		107.05
458		long		2			497.09		496.90		497.00
458		medium		20			375.14		173.15		243.10
458		short		38			189.98		9.81		91.74
459		long		3			472.80		366.12		412.55
459		medium		23			375.33		202.53		269.30
459		short		33			196.28		23.36		103.72
46		long		1			405.84		405.84		405.84
46		medium		24			373.96		167.51		250.29
46		short		48			195.90		12.78		110.95
460		medium		21			331.72		173.87		254.50
460		short		38			188.37		11.49		116.70
461		long		2			438.64		419.65		429.14
461		medium		19			369.84		163.55		252.31
461		short		38			190.00		12.64		103.62
462		long		3			421.02		348.81		394.45
462		medium		21			360.72		194.13		259.40
462		short		39			171.04		23.56		108.52
463		long		2			423.90		362.25		393.07
463		medium		21			337.28		172.49		260.03
463		short		39			179.72		12.21		96.67
464		long		1			411.18		411.18		411.18
464		medium		16			315.87		174.13		251.27
464		short		31			179.70		34.47		113.75
465		long		1			432.79		432.79		432.79
465		medium		24			344.23		186.55		245.25
465		short		39			191.41		11.13		104.06
466		long		1			413.93		413.93		413.93
466		medium		12			339.01		181.52		240.50
466		short		32			186.01		11.59		98.75
467		long		2			453.24		401.22		427.23
467		medium		25			300.24		180.19		238.82
467		short		36			186.58		32.01		117.67
468		long		2			429.32		396.21		412.76
468		medium		27			389.02		166.36		238.60
468		short		30			186.00		32.35		102.67
469		long		1			369.96		369.96		369.96
469		medium		21			346.59		182.48		245.46
469		short		39			185.79		9.20		108.27
47		long		3			439.15		342.81		386.43
47		medium		25			324.39		160.57		232.28
47		short		37			184.03		22.20		110.98
470		long		1			385.62		385.62		385.62
470		medium		21			382.45		165.57		246.20
470		short		35			175.47		15.40		98.47
471		long		5			466.28		387.85		434.49
471		medium		22			364.70		164.49		238.67
471		short		27			180.31		34.70		98.28
472		long		3			396.65		351.38		381.01
472		medium		18			344.00		189.76		253.92
472		short		34			191.46		40.09		109.56
473		medium		21			356.18		165.02		246.76
473		short		42			178.26		15.13		95.86
474		long		2			473.14		337.24		405.19
474		medium		26			368.13		184.98		249.59
474		short		42			193.50		9.60		88.01
475		long		3			508.08		366.89		420.64
475		medium		20			313.52		169.13		232.73
475		short		38			184.45		22.15		101.35
476		long		3			422.26		369.22		401.10
476		medium		21			353.27		172.12		250.73
476		short		40			187.88		12.71		91.40
477		medium		23			348.29		167.47		246.57
477		short		42			165.49		5.43		99.01
478		long		4			418.65		340.45		390.05
478		medium		24			344.86		176.79		241.51
478		short		25			168.60		12.30		105.49
479		long		2			416.98		386.78		401.88
479		medium		19			366.92		183.46		262.54
479		short		43			178.11		22.23		111.92
48		long		2			464.80		359.66		412.23
48		medium		24			369.58		186.87		235.81
48		short		45			194.84		14.60		103.95
480		long		2			483.71		394.84		439.27
480		medium		20			341.35		171.72		227.64
480		short		47			167.35		27.81		112.18
481		long		3			391.88		352.70		367.54
481		medium		28			394.10		170.94		256.30
481		short		42			176.39		27.44		96.79
482		long		1			387.93		387.93		387.93
482		medium		26			365.74		174.22		243.58
482		short		33			170.17		14.22		110.53
483		long		2			437.29		389.40		413.35
483		medium		21			303.03		191.46		247.01
483		short		36			173.57		15.60		102.05
484		long		1			429.72		429.72		429.72
484		medium		23			369.98		172.56		245.15
484		short		34			180.03		40.14		120.89
485		long		1			409.94		409.94		409.94
485		medium		16			327.41		174.62		245.42
485		short		28			190.05		26.80		115.79
486		long		2			447.40		401.72		424.56
486		medium		23			318.21		174.06		242.64
486		short		45			188.67		11.99		98.43
487		medium		24			343.07		173.67		241.04
487		short		40			181.24		12.32		109.77
488		long		2			473.27		389.04		431.15
488		medium		18			385.65		169.65		244.40
488		short		29			175.79		29.29		115.67
489		long		2			375.53		358.22		366.88
489		medium		22			340.31		179.27		251.81
489		short		37			186.29		12.65		114.20
49		long		1			407.20		407.20		407.20
49		medium		19			340.73		168.60		217.82
49		short		39			189.53		18.81		103.27
490		long		1			387.17		387.17		387.17
490		medium		18			373.42		169.70		248.65
490		short		36			189.64		16.04		104.80
491		long		3			403.69		399.71		401.86
491		medium		28			363.12		174.25		249.94
491		short		37			166.63		13.64		94.07
492		long		5			432.14		344.49		396.57
492		medium		33			344.38		166.78		242.96
492		short		32			189.02		32.19		105.87
493		long		1			350.96		350.96		350.96
493		medium		20			310.72		176.16		233.75
493		short		31			191.44		42.49		121.81
494		long		1			406.49		406.49		406.49
494		medium		20			349.29		190.60		246.42
494		short		32			176.20		20.30		94.07
495		long		1			388.04		388.04		388.04
495		medium		21			343.73		179.55		248.40
495		short		29			169.24		12.86		95.54
496		long		3			407.51		354.60		389.58
496		medium		29			334.29		170.03		237.67
496		short		43			186.70		4.52		107.24
497		long		1			547.02		547.02		547.02
497		medium		28			322.96		168.13		247.51
497		short		30			176.65		17.18		100.00
498		long		2			380.81		360.38		370.60
498		medium		22			384.07		179.38		248.82
498		short		29			184.99		12.28		105.89
499		long		1			353.92		353.92		353.92
499		medium		23			356.55		178.59		250.03
499		short		37			184.37		7.35		90.49
5		long		1			466.75		466.75		466.75
5		medium		24			334.69		167.50		250.77
5		short		33			185.64		12.02		89.24
50		long		1			432.42		432.42		432.42
50		medium		19			363.27		188.97		256.98
50		short		36			169.72		32.29		118.18
51		long		1			396.14		396.14		396.14
51		medium		19			350.34		183.18		247.42
51		short		34			185.90		8.96		97.36
52		long		2			365.24		348.37		356.81
52		medium		23			355.31		164.90		231.12
52		short		38			158.61		20.26		95.79
53		medium		26			365.68		179.50		261.11
53		short		33			178.03		3.96		105.54
54		long		1			517.52		517.52		517.52
54		medium		26			361.27		162.84		243.66
54		short		34			190.50		20.54		109.88
55		long		2			482.82		385.22		434.02
55		medium		18			330.93		198.05		258.60
55		short		41			180.68		13.41		110.28
56		long		3			464.74		404.61		430.04
56		medium		23			349.29		165.41		237.15
56		short		37			177.71		18.47		95.95
57		long		7			469.25		331.81		398.55
57		medium		29			345.40		165.96		248.11
57		short		28			176.96		2.62		94.02
58		long		1			397.29		397.29		397.29
58		medium		20			384.12		178.83		260.04
58		short		40			186.33		32.76		106.45
59		long		3			454.31		370.03		414.07
59		medium		21			369.47		171.17		248.98
59		short		40			185.83		20.83		114.54
6		long		2			440.67		362.26		401.46
6		medium		22			332.74		171.80		246.26
6		short		33			168.70		24.36		108.31
60		long		2			439.72		366.22		402.97
60		medium		26			328.91		188.71		251.37
60		short		31			186.64		25.60		107.31
61		long		3			415.46		368.23		390.49
61		medium		25			374.69		172.49		258.38
61		short		36			190.40		11.30		93.47
62		long		1			435.61		435.61		435.61
62		medium		24			330.48		184.71		257.60
62		short		44			175.36		10.71		105.87
63		long		4			471.92		362.99		402.94
63		medium		12			354.15		199.64		269.08
63		short		41			188.78		23.73		99.28
64		long		1			324.05		324.05		324.05
64		medium		20			379.69		171.43		248.31
64		short		34			158.50		33.04		103.25
65		long		4			433.70		375.35		404.38
65		medium		19			358.42		171.21		245.01
65		short		41			178.85		14.29		111.70
66		long		2			424.86		416.04		420.45
66		medium		24			363.19		165.97		243.63
66		short		39			169.12		18.81		96.30
67		long		3			418.82		338.12		366.34
67		medium		25			371.22		177.76		247.89
67		short		39			186.14		32.84		122.25
68		long		3			458.20		374.39		405.57
68		medium		20			327.19		195.53		252.78
68		short		28			183.64		11.75		90.12
69		medium		31			347.20		166.83		261.20
69		short		33			166.42		41.76		116.98
7		long		3			417.49		330.63		383.42
7		medium		31			357.93		166.28		246.21
7		short		34			183.95		16.25		106.57
70		long		1			397.77		397.77		397.77
70		medium		18			330.55		171.72		233.69
70		short		44			199.19		34.95		117.60
71		long		1			490.95		490.95		490.95
71		medium		29			335.33		176.03		242.20
71		short		40			195.37		18.43		110.46
72		long		1			333.12		333.12		333.12
72		medium		22			325.44		168.50		254.75
72		short		30			187.39		7.25		102.05
73		long		3			480.47		381.87		436.98
73		medium		28			348.11		168.67		248.83
73		short		31			179.66		4.82		96.33
74		long		2			358.92		354.30		356.61
74		medium		25			351.94		178.73		251.83
74		short		30			179.28		19.02		117.97
75		long		1			450.75		450.75		450.75
75		medium		30			345.17		168.16		243.16
75		short		31			177.51		25.45		106.64
76		long		1			429.75		429.75		429.75
76		medium		24			375.20		177.47		261.36
76		short		31			176.78		2.77		105.62
77		long		2			454.22		393.94		424.08
77		medium		22			332.25		167.68		242.54
77		short		35			189.92		36.37		106.96
78		long		1			338.69		338.69		338.69
78		medium		16			324.82		169.53		233.03
78		short		38			188.09		23.68		113.44
79		long		3			432.00		342.96		393.08
79		medium		30			338.32		178.55		234.80
79		short		40			183.33		5.08		111.09
8		long		3			452.07		361.97		414.52
8		medium		28			303.32		173.02		232.13
8		short		35			187.67		42.46		106.99
80		long		3			456.46		338.96		401.92
80		medium		15			280.58		183.65		224.42
80		short		37			194.18		8.53		95.55
81		medium		22			300.19		165.94		234.00
81		short		40			171.78		31.18		111.89
82		long		1			395.72		395.72		395.72
82		medium		16			387.45		178.68		261.23
82		short		33			183.98		16.32		113.71
83		long		1			373.04		373.04		373.04
83		medium		25			329.51		178.85		240.15
83		short		29			180.04		11.92		108.93
84		long		1			415.70		415.70		415.70
84		medium		19			316.31		172.94		239.72
84		short		36			170.66		16.01		97.14
85		long		1			399.96		399.96		399.96
85		medium		18			336.56		165.63		235.00
85		short		35			178.06		11.42		90.30
86		medium		29			335.22		171.06		241.12
86		short		25			190.34		2.41		110.55
87		long		1			457.40		457.40		457.40
87		medium		25			352.78		174.74		261.30
87		short		42			189.97		1.62		103.21
88		long		2			395.87		356.73		376.30
88		medium		27			386.63		174.29		262.96
88		short		45			175.19		10.55		102.16
89		long		2			412.36		394.37		403.37
89		medium		23			349.11		177.87		237.73
89		short		40			188.16		7.46		96.44
9		long		1			432.20		432.20		432.20
9		medium		23			349.95		168.02		262.75
9		short		34			185.71		19.74		99.82
90		medium		17			310.53		180.05		239.65
90		short		53			190.52		12.23		110.01
91		long		2			460.73		375.32		418.02
91		medium		19			318.30		189.29		240.72
91		short		45			180.05		9.13		100.76
92		long		3			433.29		371.25		398.95
92		medium		27			385.03		163.94		249.31
92		short		36			163.99		12.87		108.20
93		long		1			392.21		392.21		392.21
93		medium		20			344.50		186.21		253.47
93		short		32			148.71		15.34		88.93
94		long		3			415.66		362.10		397.28
94		medium		23			314.85		169.47		249.17
94		short		34			186.58		28.78		112.43
95		long		2			418.86		355.92		387.39
95		medium		35			388.78		165.85		252.52
95		short		46			190.98		11.60		100.01
96		long		4			419.30		338.70		380.79
96		medium		16			346.45		176.11		246.55
96		short		41			177.89		9.51		102.50
97		long		1			460.04		460.04		460.04
97		medium		22			310.09		176.87		244.80
97		short		43			181.75		28.61		115.08
98		long		3			411.16		347.06		371.90
98		medium		19			347.31		200.16		260.55
98		short		26			174.54		8.10		101.53
99		long		2			421.94		360.45		391.19
99		medium		25			319.22		177.94		234.32
99		short		35			193.67		15.49		97.76
